descriptor H_ergpcm3,+,-
 1.698302e-09  5.897369e-10 -3.574031e-10
 1.630458e-09  4.898568e-10 -3.230144e-10
 1.539616e-09  3.590195e-10 -2.742274e-10
 1.418685e-09  2.524286e-10 -2.140663e-10
 1.276301e-09  1.628175e-10 -1.593704e-10
 1.122727e-09  1.073186e-10 -1.102189e-10
 8.972858e-10  5.905883e-11 -6.059382e-11
 6.393640e-10  4.037488e-11 -4.022654e-11
 2.148145e-10  1.589649e-11 -1.805778e-11
 5.542525e-11  4.521651e-12 -4.998950e-12
 1.541833e-11  1.882898e-12 -1.862436e-12
 4.225228e-12  6.973224e-13 -6.355386e-13
 8.365915e-13  1.679869e-13 -1.436197e-13
 1.716050e-13  3.781175e-14 -3.123124e-14
 5.452929e-14  1.268649e-14 -1.014230e-14

descriptor H_ergpg,+,-
 3.233462e+16  1.292929e+16 -8.137786e+15
 3.408547e+16  1.148708e+16 -7.649411e+15
 3.774509e+16  9.917232e+15 -7.200265e+15
 4.250111e+16  7.833493e+15 -6.971360e+15
 4.726806e+16  6.274126e+15 -6.467983e+15
 5.130648e+16  4.991461e+15 -5.583342e+15
 5.526736e+16  4.294845e+15 -4.485537e+15
 5.636366e+16  4.187931e+15 -4.203783e+15
 4.431768e+16  3.928763e+15 -3.822863e+15
 2.730266e+16  3.134081e+15 -2.574589e+15
 1.779846e+16  2.178215e+15 -1.702678e+15
 1.311846e+16  2.208136e+15 -1.637049e+15
 1.093591e+16  6.971441e+15 -2.910760e+15
 1.090158e+16  2.102100e+16 -5.283436e+15
 1.132521e+16  4.610365e+16 -6.968455e+15

descriptor L_ergpspcm3,+,-
 1.426216e-26  5.207532e-27 -2.795109e-27
 1.214507e-26  3.278671e-27 -2.038940e-27
 9.227012e-27  1.489733e-27 -1.171518e-27
 6.517198e-27  6.005834e-28 -5.952719e-28
 4.441307e-27  3.068110e-28 -3.224202e-28
 3.005706e-27  2.075145e-28 -2.155553e-28
 1.707617e-27  1.276267e-28 -1.158566e-28
 8.404893e-28  6.516030e-29 -5.917987e-29
 1.386241e-28  1.032495e-29 -9.411668e-30
 1.955794e-29  2.363696e-30 -2.238133e-30
 2.927859e-30  6.766059e-31 -5.889509e-31
 3.527857e-31  1.500349e-31 -1.221752e-31
 1.900602e-32  1.631866e-32 -1.160335e-32
 8.103649e-34  1.956174e-33 -6.730168e-34
 7.448084e-35  3.892485e-34 -6.891661e-35

descriptor Lcuml_ergps,+,-
 3.033769e+42  1.107718e+42 -5.945605e+41
 7.339264e+43  2.210639e+43 -1.305062e+43
 2.885941e+44  6.573941e+43 -4.370478e+43
 6.438073e+44  1.091157e+44 -8.136509e+43
 1.084242e+45  1.341163e+44 -1.148871e+44
 1.553657e+45  1.464458e+44 -1.379897e+44
 2.176592e+45  1.628168e+44 -1.592091e+44
 2.981201e+45  1.820434e+44 -1.933866e+44
 3.928577e+45  1.997324e+44 -2.127223e+44
 5.181241e+45  2.268512e+44 -2.335886e+44
 5.482880e+45  2.407954e+44 -2.457380e+44
 5.640356e+45  2.522628e+44 -2.555451e+44
 5.675764e+45  2.599184e+44 -2.606990e+44
 5.685415e+45  2.641008e+44 -2.605922e+44
 5.686988e+45  2.634258e+44 -2.610256e+44

descriptor Lshell_ergps,+,-
 2.427015e+43  8.861743e+42 -4.756484e+42
 1.446722e+44  3.905559e+43 -2.428789e+43
 2.983334e+44  4.816695e+43 -3.787825e+43
 4.103457e+44  3.781484e+43 -3.748041e+43
 4.610286e+44  3.184843e+43 -3.346874e+43
 4.654523e+44  3.213491e+43 -3.338008e+43
 8.601403e+44  6.428661e+43 -5.835791e+43
 6.979740e+44  5.411157e+43 -4.914520e+43
 1.651292e+45  1.229910e+44 -1.121119e+44
 3.648706e+44  4.409684e+43 -4.175435e+43
 2.243920e+44  5.185527e+43 -4.513737e+43
 5.265210e+43  2.239221e+43 -1.823424e+43
 1.614747e+43  1.386430e+43 -9.858179e+42
 1.485247e+42  3.585300e+42 -1.233513e+42
 2.379055e+41  1.243331e+42 -2.201323e+41

descriptor Mdot_Msunpyr,+,-
 1.191456e+01  7.313815e+00 -3.773933e+00
 6.679675e+01  2.718308e+01 -1.801159e+01
 1.176126e+02  2.164184e+01 -2.102336e+01
 1.312494e+02  1.558518e+01 -1.339011e+01
 1.228996e+02  1.838961e+01 -2.344625e+01
 1.090364e+02  2.447474e+01 -2.436203e+01
 2.067480e+02  4.313137e+01 -3.463724e+01
 1.811579e+02  4.680870e+01 -3.758764e+01
 8.501642e+02  1.464352e+02 -1.337749e+02
 1.335734e+03  2.160659e+02 -2.464108e+02
 1.874654e+03  2.691909e+02 -2.812599e+02
 1.893828e+03  5.672467e+02 -8.099298e+02
 1.321393e+03  2.406272e+03 -2.436721e+03
 7.357435e+01  4.846866e+03 -2.538717e+03
-3.024630e+02  5.078497e+03 -1.389138e+03

descriptor Mdotcuml_Msunpyr,+,-
 1.191456e+01  7.313815e+00 -3.773933e+00
 7.872103e+01  3.463970e+01 -2.175680e+01
 1.962710e+02  5.350651e+01 -4.213413e+01
 3.285546e+02  5.646311e+01 -5.189900e+01
 4.504903e+02  5.600363e+01 -4.831200e+01
 5.597278e+02  5.263507e+01 -4.568059e+01
 7.679540e+02  6.869634e+01 -6.668387e+01
 9.478259e+02  9.967992e+01 -8.535848e+01
 1.797690e+03  2.028337e+02 -1.733688e+02
 3.130931e+03  3.741240e+02 -3.551303e+02
 5.002505e+03  6.153347e+02 -5.987656e+02
 6.851884e+03  1.077206e+03 -1.083228e+03
 8.252936e+03  3.148748e+03 -3.227564e+03
 8.250969e+03  7.967147e+03 -5.429656e+03
 7.955013e+03  1.303583e+04 -6.384324e+03

descriptor Mdotpurecool_Msunpyr,+,-
 1.191456e+01  7.313815e+00 -3.773933e+00
 6.733571e+01  2.872673e+01 -1.844742e+01
 1.253371e+02  2.953218e+01 -2.620890e+01
 1.532435e+02  2.491328e+01 -2.178727e+01
 1.541007e+02  2.258483e+01 -1.455665e+01
 1.440174e+02  1.961261e+01 -1.433190e+01
 2.474530e+02  3.083923e+01 -2.790176e+01
 1.963843e+02  2.346374e+01 -1.943673e+01
 5.917798e+02  6.816992e+01 -6.135884e+01
 2.117878e+02  3.593271e+01 -3.543375e+01
 1.994513e+02  5.925021e+01 -4.784642e+01
 6.421442e+01  3.400113e+01 -2.649987e+01
 2.368067e+01  3.251011e+01 -1.793224e+01
 2.137484e+00  1.118696e+01 -2.013431e+00
 3.212579e-01  4.843637e+00 -3.163212e-01

descriptor Mdotpurecoolcuml_Msunpyr,+,-
 1.191456e+01  7.313815e+00 -3.773933e+00
 7.931800e+01  3.589705e+01 -2.226387e+01
 2.046262e+02  6.422804e+01 -4.833693e+01
 3.585892e+02  8.213812e+01 -6.956065e+01
 5.136663e+02  9.324831e+01 -8.197938e+01
 6.586715e+02  1.033579e+02 -8.750511e+01
 9.037450e+02  1.189205e+02 -9.086357e+01
 1.100794e+03  1.261460e+02 -9.373228e+01
 1.693976e+03  1.357845e+02 -1.156884e+02
 1.907115e+03  1.450260e+02 -1.318423e+02
 2.109051e+03  1.545541e+02 -1.480639e+02
 2.174723e+03  1.627055e+02 -1.598742e+02
 2.199411e+03  1.730573e+02 -1.719089e+02
 2.202080e+03  1.752720e+02 -1.707243e+02
 2.203177e+03  1.761769e+02 -1.711876e+02

descriptor Mgas_Msun,+,-
 4.499109e+10  9.615909e+09 -5.364699e+09
 2.870304e+11  4.336101e+10 -2.836386e+10
 6.628896e+11  5.491144e+10 -4.675651e+10
 1.057984e+12  4.617844e+10 -4.599092e+10
 1.411421e+12  4.927940e+10 -5.080159e+10
 1.705793e+12  6.696959e+10 -6.726314e+10
 4.114068e+12  1.898027e+11 -1.775014e+11
 4.733816e+12  2.186845e+11 -1.971639e+11
 2.895641e+13  1.299549e+12 -1.333147e+12
 1.899779e+13  1.344401e+12 -1.425548e+12
 3.330593e+13  4.115925e+12 -3.928816e+12
 2.418743e+13  4.950234e+12 -5.126193e+12
 3.311094e+13  1.353562e+13 -1.455719e+13
 1.474381e+13  1.441825e+13 -9.954317e+12
 7.648297e+12  1.304007e+13 -6.170878e+12

descriptor Mgascuml_Msun,+,-
 5.623886e+09  1.201989e+09 -6.705874e+08
 1.423927e+11  2.430037e+10 -1.493886e+10
 5.978613e+11  7.501602e+10 -5.195669e+10
 1.449189e+12  1.203793e+11 -9.876909e+10
 2.681756e+12  1.524342e+11 -1.396994e+11
 4.241992e+12  1.708028e+11 -1.722900e+11
 6.941423e+12  2.204916e+11 -2.434825e+11
 1.139041e+13  3.785909e+11 -3.829752e+11
 2.386533e+13  7.081323e+11 -7.923038e+11
 5.112231e+13  1.881059e+12 -2.037577e+12
 7.533445e+13  3.738423e+12 -3.710227e+12
 1.056648e+14  7.587660e+12 -7.538722e+12
 1.320443e+14  1.434821e+13 -1.424208e+13
 1.591072e+14  2.617323e+13 -2.621408e+13
 1.713393e+14  3.902288e+13 -3.406852e+13

descriptor Mtotcuml_Msun,+,-
 0.000000e+00  0.000000e+00  0.000000e+00
 0.000000e+00  0.000000e+00  0.000000e+00
 0.000000e+00  0.000000e+00  0.000000e+00
 0.000000e+00  0.000000e+00  0.000000e+00
 0.000000e+00  0.000000e+00  0.000000e+00
 0.000000e+00  0.000000e+00  0.000000e+00
 0.000000e+00  0.000000e+00  0.000000e+00
 0.000000e+00  0.000000e+00  0.000000e+00
 0.000000e+00  0.000000e+00  0.000000e+00
 0.000000e+00  0.000000e+00  0.000000e+00
 0.000000e+00  0.000000e+00  0.000000e+00
 0.000000e+00  0.000000e+00  0.000000e+00
 0.000000e+00  0.000000e+00  0.000000e+00
 0.000000e+00  0.000000e+00  0.000000e+00
 0.000000e+00  0.000000e+00  0.000000e+00

descriptor NH_1022pcm2,+,-
 1.830000e-02  0.000000e+00  0.000000e+00
 1.830000e-02  0.000000e+00  0.000000e+00
 1.830000e-02  0.000000e+00  0.000000e+00
 1.830000e-02  0.000000e+00  0.000000e+00
 1.830000e-02  0.000000e+00  0.000000e+00
 1.830000e-02  0.000000e+00  0.000000e+00
 1.830000e-02  0.000000e+00  0.000000e+00
 1.830000e-02  0.000000e+00  0.000000e+00
 1.830000e-02  0.000000e+00  0.000000e+00
 1.830000e-02  0.000000e+00  0.000000e+00
 1.830000e-02  0.000000e+00  0.000000e+00
 1.830000e-02  0.000000e+00  0.000000e+00
 1.830000e-02  0.000000e+00  0.000000e+00
 1.830000e-02  0.000000e+00  0.000000e+00
 1.830000e-02  0.000000e+00  0.000000e+00

descriptor P_ergpcm3,+,-
 6.793378e-10  2.359007e-10 -1.429649e-10
 6.521997e-10  1.959477e-10 -1.292090e-10
 6.158618e-10  1.436114e-10 -1.096937e-10
 5.674883e-10  1.009740e-10 -8.562870e-11
 5.105335e-10  6.512864e-11 -6.374976e-11
 4.491023e-10  4.292854e-11 -4.408868e-11
 3.589234e-10  2.362413e-11 -2.423814e-11
 2.557521e-10  1.615036e-11 -1.609102e-11
 8.592799e-11  6.358758e-12 -7.223295e-12
 2.217066e-11  1.808706e-12 -1.999631e-12
 6.167487e-12  7.531784e-13 -7.449934e-13
 1.690134e-12  2.789360e-13 -2.542219e-13
 3.346451e-13  6.719646e-14 -5.744934e-14
 6.864376e-14  1.512508e-14 -1.249281e-14
 2.181227e-14  5.074723e-15 -4.057023e-15

descriptor Pe_keVpcm3,+,-
 2.312720e-01  8.030943e-02 -4.867058e-02
 2.220331e-01  6.670791e-02 -4.398759e-02
 2.096624e-01  4.889069e-02 -3.734385e-02
 1.931942e-01  3.437532e-02 -2.915121e-02
 1.738047e-01  2.217222e-02 -2.170280e-02
 1.528912e-01  1.461448e-02 -1.500943e-02
 1.221909e-01  8.042536e-03 -8.251569e-03
 8.706756e-02  5.498186e-03 -5.477985e-03
 2.925310e-02  2.164759e-03 -2.459079e-03
 7.547722e-03  6.157511e-04 -6.807490e-04
 2.099643e-03  2.564101e-04 -2.536236e-04
 5.753847e-04  9.496024e-05 -8.654662e-05
 1.139257e-04  2.287618e-05 -1.955790e-05
 2.336890e-05  5.149143e-06 -4.253020e-06
 7.425711e-06  1.727625e-06 -1.381162e-06

descriptor Se_keVcm2,+,-
 9.535849e+01  4.494608e+01 -2.921494e+01
 1.071152e+02  4.205342e+01 -2.810832e+01
 1.324399e+02  3.801444e+01 -2.780861e+01
 1.696963e+02  3.415017e+01 -2.898296e+01
 2.180991e+02  3.004136e+01 -3.223509e+01
 2.721735e+02  2.917685e+01 -3.264425e+01
 3.574440e+02  3.604037e+01 -3.563171e+01
 4.635352e+02  4.409844e+01 -4.273008e+01
 6.416611e+02  7.173404e+01 -6.098442e+01
 7.070079e+02  1.148785e+02 -8.157347e+01
 8.142971e+02  1.533841e+02 -1.133668e+02
 1.150608e+03  3.968417e+02 -2.306133e+02
 2.487533e+03  3.410553e+03 -1.008012e+03
 7.210413e+03  3.720983e+04 -4.830221e+03
 1.664405e+04  2.355309e+05 -1.331580e+04

descriptor T_keV,+,-
 8.591387e+00  3.435344e+00 -2.162229e+00
 9.056591e+00  3.052144e+00 -2.032467e+00
 1.002896e+01  2.635032e+00 -1.913128e+00
 1.129265e+01  2.081378e+00 -1.852307e+00
 1.255924e+01  1.667050e+00 -1.718559e+00
 1.363225e+01  1.326243e+00 -1.483507e+00
 1.468467e+01  1.141151e+00 -1.191818e+00
 1.497596e+01  1.112743e+00 -1.116955e+00
 1.177531e+01  1.043882e+00 -1.015744e+00
 7.254382e+00  8.327328e-01 -6.840744e-01
 4.729092e+00  5.787568e-01 -4.524056e-01
 3.485605e+00  5.867070e-01 -4.349679e-01
 2.905699e+00  1.852328e+00 -7.733958e-01
 2.896576e+00  5.585329e+00 -1.403822e+00
 3.009134e+00  1.224985e+01 -1.851535e+00

descriptor Z_solar,+,-
 7.186611e-02  2.793635e-01 -6.840509e-02
 7.186611e-02  2.793635e-01 -6.840509e-02
 7.186611e-02  2.793635e-01 -6.840509e-02
 7.186611e-02  2.793635e-01 -6.840509e-02
 7.186611e-02  2.793635e-01 -6.840509e-02
 7.186611e-02  2.793635e-01 -6.840509e-02
 7.186611e-02  2.793635e-01 -6.840509e-02
 7.186611e-02  2.793635e-01 -6.840509e-02
 7.186611e-02  2.793635e-01 -6.840509e-02
 7.186611e-02  2.793635e-01 -6.840509e-02
 7.186611e-02  2.793635e-01 -6.840509e-02
 7.186611e-02  2.793635e-01 -6.840509e-02
 7.186611e-02  2.793635e-01 -6.840509e-02
 7.186611e-02  2.793635e-01 -6.840509e-02
 7.186611e-02  2.793635e-01 -6.840509e-02

descriptor fgascuml,+,-
 inf  nan  nan
 inf  nan  nan
 inf  nan  nan
 inf  nan  nan
 inf  nan  nan
 inf  nan  nan
 inf  nan  nan
 inf  nan  nan
 inf  nan  nan
 inf  nan  nan
 inf  nan  nan
 inf  nan  nan
 inf  nan  nan
 inf  nan  nan
 inf  nan  nan

descriptor fluxbolshell_ergpcm2,+,-
 3.444773e-84  1.257787e-84 -6.751093e-85
 2.933427e-84  7.919052e-85 -4.924701e-85
 2.228622e-84  3.598186e-85 -2.829596e-85
 1.574114e-84  1.450603e-85 -1.437774e-85
 1.072719e-84  7.410479e-86 -7.787493e-86
 7.259754e-85  5.012147e-86 -5.206359e-86
 4.124447e-85  3.082598e-86 -2.798312e-86
 2.030054e-85  1.573832e-86 -1.429385e-86
 3.348220e-86  2.493810e-87 -2.273222e-87
 4.723875e-87  5.709091e-88 -5.405816e-88
 7.071727e-88  1.634222e-88 -1.422507e-88
 8.520916e-89  3.623829e-89 -2.950926e-89
 4.590569e-90  3.941485e-90 -2.802584e-90
 1.957294e-91  4.724794e-91 -1.625553e-91
 1.798953e-92  9.401611e-92 -1.664559e-92

descriptor g_cmps2,+,-
 0.000000e+00  0.000000e+00  0.000000e+00
 0.000000e+00  0.000000e+00  0.000000e+00
 0.000000e+00  0.000000e+00  0.000000e+00
 0.000000e+00  0.000000e+00  0.000000e+00
 0.000000e+00  0.000000e+00  0.000000e+00
 0.000000e+00  0.000000e+00  0.000000e+00
 0.000000e+00  0.000000e+00  0.000000e+00
 0.000000e+00  0.000000e+00  0.000000e+00
 0.000000e+00  0.000000e+00  0.000000e+00
 0.000000e+00  0.000000e+00  0.000000e+00
 0.000000e+00  0.000000e+00  0.000000e+00
 0.000000e+00  0.000000e+00  0.000000e+00
 0.000000e+00  0.000000e+00  0.000000e+00
 0.000000e+00  0.000000e+00  0.000000e+00
 0.000000e+00  0.000000e+00  0.000000e+00

descriptor ne_pcm3,+,-
 2.695066e-02  5.760142e-03 -3.213573e-03
 2.456250e-02  3.710601e-03 -2.427225e-03
 2.089924e-02  1.731219e-03 -1.474115e-03
 1.712853e-02  7.476190e-04 -7.445831e-04
 1.386020e-02  4.839254e-04 -4.988734e-04
 1.122866e-02  4.408380e-04 -4.427704e-04
 8.325734e-03  3.841081e-04 -3.592137e-04
 5.810779e-03  2.684361e-04 -2.420195e-04
 2.477932e-03  1.112083e-04 -1.140835e-04
 1.038048e-03  7.345868e-05 -7.789260e-05
 4.429906e-04  5.474448e-05 -5.225581e-05
 1.652019e-04  3.381046e-05 -3.501227e-05
 3.972722e-05  1.624032e-05 -1.746603e-05
 8.200153e-06  8.019084e-06 -5.536350e-06
 2.440815e-06  4.161501e-06 -1.969324e-06

descriptor potential_ergpg,+,-
 0.000000e+00  0.000000e+00  0.000000e+00
 0.000000e+00  0.000000e+00  0.000000e+00
 0.000000e+00  0.000000e+00  0.000000e+00
 0.000000e+00  0.000000e+00  0.000000e+00
 0.000000e+00  0.000000e+00  0.000000e+00
 0.000000e+00  0.000000e+00  0.000000e+00
 0.000000e+00  0.000000e+00  0.000000e+00
 0.000000e+00  0.000000e+00  0.000000e+00
 0.000000e+00  0.000000e+00  0.000000e+00
 0.000000e+00  0.000000e+00  0.000000e+00
 0.000000e+00  0.000000e+00  0.000000e+00
 0.000000e+00  0.000000e+00  0.000000e+00
 0.000000e+00  0.000000e+00  0.000000e+00
 0.000000e+00  0.000000e+00  0.000000e+00
 0.000000e+00  0.000000e+00  0.000000e+00

descriptor r_arcmin,+-
 2.500000e-02  2.500000e-02
 7.500000e-02  2.500000e-02
 1.250000e-01  2.500000e-02
 1.750000e-01  2.500000e-02
 2.250000e-01  2.500000e-02
 2.750000e-01  2.500000e-02
 3.500000e-01  5.000000e-02
 4.500000e-01  5.000000e-02
 7.500000e-01  2.500000e-01
 1.166667e+00  1.666668e-01
 1.666667e+00  3.333333e-01
 2.333333e+00  3.333330e-01
 3.500000e+00  8.333335e-01
 5.166667e+00  8.333335e-01
 6.833333e+00  8.333330e-01

descriptor r_kpc,+-
 1.200104e+01  1.200104e+01
 3.600313e+01  1.200104e+01
 6.000522e+01  1.200104e+01
 8.400730e+01  1.200104e+01
 1.080094e+02  1.200104e+01
 1.320115e+02  1.200104e+01
 1.680146e+02  2.400209e+01
 2.160188e+02  2.400209e+01
 3.600313e+02  1.200104e+02
 5.600488e+02  8.000704e+01
 8.000697e+02  1.600139e+02
 1.120097e+03  1.600137e+02
 1.680146e+03  4.000349e+02
 2.480216e+03  4.000349e+02
 3.280285e+03  4.000346e+02

descriptor tcool_yr,+,-
 3.766791e+09  1.213952e+09 -9.676968e+08
 4.251901e+09  1.128961e+09 -8.633164e+08
 5.282215e+09  1.042395e+09 -7.423415e+08
 6.900263e+09  9.431694e+08 -7.894892e+08
 9.145476e+09  8.171833e+08 -9.875322e+08
 1.184006e+10  9.159009e+08 -1.106324e+09
 1.662864e+10  1.361308e+09 -1.312602e+09
 2.408913e+10  1.700623e+09 -1.743427e+09
 4.898266e+10  3.763316e+09 -3.623751e+09
 8.965291e+10  1.061689e+10 -8.390908e+09
 1.671173e+11  2.732547e+10 -2.322364e+10
 3.759920e+11  1.359154e+11 -8.319516e+10
 1.406143e+12  1.845347e+12 -5.771525e+11
 6.950382e+12  3.095250e+13 -4.818361e+12
 2.364708e+13  2.739658e+14 -1.966245e+13

descriptor vol_cm3,+,-
 1.701717e+69  0.000000e+00  0.000000e+00
 1.191202e+70  0.000000e+00  0.000000e+00
 3.233262e+70  0.000000e+00  0.000000e+00
 6.296351e+70  0.000000e+00  0.000000e+00
 1.038047e+71  0.000000e+00  0.000000e+00
 1.548562e+71  0.000000e+00  0.000000e+00
 5.037081e+71  0.000000e+00  0.000000e+00
 8.304377e+71  0.000000e+00  0.000000e+00
 1.191202e+73  0.000000e+00  0.000000e+00
 1.865588e+73  0.000000e+00  0.000000e+00
 7.664030e+73  0.000000e+00  0.000000e+00
 1.492467e+74  0.000000e+00  0.000000e+00
 8.495978e+74  0.000000e+00  0.000000e+00
 1.832812e+75  0.000000e+00  0.000000e+00
 3.194184e+75  0.000000e+00  0.000000e+00

